2123,3158,25.9,2569,2542,3784,31.0,0,15,0,
2122,3159,25.9,2538,2540,3784,31.0,0,0,0,
2122,3159,25.9,2537,2540,3783,31.0,0,13,1,
2122,3159,25.9,2561,2540,3781,31.0,0,14,2,
2122,3159,25.9,2539,2540,3782,31.0,0,7,0,
2123,3163,25.9,2539,2540,3779,31.0,0,24,3,
2124,3162,25.9,2540,2541,3784,31.0,0,0,0,
2124,3159,25.9,2536,2536,3778,30.9,0,17,2,
2123,3161,25.9,2537,2539,3783,31.0,0,0,0,
2123,3157,25.9,2538,2539,3784,31.0,0,5,0,
2121,3156,25.9,2538,2540,3785,31.0,0,0,0,
2122,3159,25.9,2538,2540,3784,31.0,0,0,0,
2123,3160,25.9,2538,2541,3785,31.0,0,0,0,
2121,3156,25.9,2539,2540,3783,31.0,0,11,0,
2124,3163,25.9,2540,2540,3782,31.0,0,14,0,
2121,3156,25.9,2539,2540,3784,31.0,0,18,2,
2123,3160,25.9,2540,2542,3784,31.0,0,0,0,
2123,3161,25.9,2541,2542,3783,31.0,0,0,0,
2122,3158,25.9,2570,2539,3780,31.0,0,10,0,
2124,3159,25.9,2538,2539,3784,31.0,0,0,0,
2122,3159,25.9,2539,2539,3781,31.0,0,9,0,
2123,3156,25.9,2538,2537,3778,30.9,0,39,2,
2124,3161,25.9,2537,2538,3783,31.0,0,0,0,
2122,3159,25.9,2540,2541,3785,31.0,0,0,0,
2123,3158,25.9,2538,2540,3784,31.0,0,0,0,
2123,3159,25.9,2538,2540,3784,31.0,0,4,0,
2121,3159,25.9,2540,2543,3786,31.0,0,0,0,
2120,3154,25.8,2541,2543,3784,31.0,0,0,0,
2122,3157,25.9,2539,2541,3786,31.0,0,0,0,
2122,3161,25.9,2538,2538,3780,31.0,0,15,1,
2122,3156,25.9,2537,2539,3780,31.0,0,14,1,
2122,3159,25.9,2541,2541,3783,31.0,0,12,0,
2124,3162,25.9,2539,2540,3781,31.0,0,0,0,
2123,3158,25.9,2540,2540,3782,31.0,0,7,0,
2123,3161,25.9,2540,2540,3779,31.0,0,34,1,
2124,3156,25.9,2538,2539,3783,31.0,0,0,0,
2123,3156,25.6,2538,2540,3783,30.7,0,0,0,
2122,3159,25.9,2537,2540,3783,31.0,0,0,0,
2121,3156,25.9,2538,2540,3784,31.0,0,0,0,
2123,3160,25.9,2539,2541,3783,31.0,0,0,0,
2123,3161,25.9,2539,2541,3782,31.0,0,0,0,
2122,3158,25.9,2538,2541,3784,31.0,0,0,0,
2123,3158,25.9,2541,2543,3785,31.0,0,0,0,
2123,3157,25.9,2539,2538,3779,31.0,0,19,2,
2122,3158,25.9,2539,2541,3786,31.0,0,0,0,
2122,3158,25.9,2539,2540,3784,31.0,0,0,0,
2122,3159,25.9,2538,2539,3782,31.0,0,0,0,
2123,3159,25.9,2540,2543,3782,31.0,0,0,0,
2123,3159,25.9,2538,2538,3781,31.0,0,13,1,
2123,3159,25.9,2538,2539,3782,31.0,0,0,0,
2123,3159,25.9,2537,2537,3780,31.0,0,11,0,
2122,3157,25.9,2538,2540,3784,31.0,0,0,0,
2122,3161,25.9,2538,2541,3785,31.0,0,0,0,
2122,3158,25.9,2539,2540,3783,31.0,0,0,0,
2122,3157,25.9,2539,2541,3785,31.0,0,0,0,
2122,3161,25.9,2539,2540,3785,31.0,0,0,0,
2123,3158,25.9,2539,2540,3783,31.0,0,7,0,
2121,3157,25.9,2540,2542,3784,31.0,0,0,0,
2122,3161,25.9,2544,2540,3780,31.0,0,9,0,
2123,3158,25.9,2539,2540,3783,31.0,0,0,0,
2122,3159,25.9,2539,2541,3783,31.0,0,0,0,
2123,3161,25.9,2538,2539,3783,31.0,0,0,0,
2124,3158,25.9,2540,2540,3785,31.0,0,0,0,
2121,3155,25.8,2537,2539,3784,31.0,0,0,0,
2122,3161,25.9,2539,2540,3786,31.0,0,0,0,
2124,3161,25.9,2541,2542,3785,31.0,0,7,0,
2123,3158,25.9,2538,2539,3783,31.0,0,5,0,
2123,3160,25.9,2538,2538,3779,31.0,0,27,0,
2124,3157,25.9,2539,2539,3780,31.0,0,23,1,
2122,3158,25.9,2539,2539,3780,31.0,0,10,0,
2122,3160,25.9,2537,2539,3785,31.0,0,6,0,
2121,3159,25.9,2555,2539,3781,31.0,0,18,0,
2122,3158,25.9,2540,2542,3784,31.0,0,1,0,
2122,3158,25.9,2538,2541,3782,31.0,0,0,0,
2121,3155,25.8,2539,2541,3785,31.0,0,0,0,
2121,3157,25.9,2538,2540,3784,31.0,0,0,0,
2122,3160,25.9,2539,2540,3783,31.0,0,0,0,
2122,3157,25.9,2540,2541,3784,31.0,0,0,0,
2124,3160,25.9,2542,2544,3785,31.0,0,0,0,
2124,3161,25.9,2540,2541,3783,31.0,0,14,0,
2122,3158,25.9,2538,2540,3781,31.0,0,7,0,
2123,3160,25.9,2538,2539,3780,31.0,0,20,0,
2122,3159,25.9,2538,2537,3781,31.0,0,24,0,
2123,3157,25.9,2537,2539,3783,31.0,0,0,0,
2122,3160,25.9,2538,2538,3782,31.0,0,10,0,
2121,3159,25.9,2540,2540,3784,31.0,0,24,2,
2123,3157,25.9,2539,2541,3783,31.0,0,11,0,
2123,3158,25.9,2539,2541,3783,31.0,0,11,0,
2122,3161,25.9,2538,2541,3784,31.0,0,0,0,
2123,3159,25.9,2539,2537,3779,31.0,0,37,5,
2122,3158,25.9,2544,2540,3781,31.0,0,6,0,
2122,3161,25.6,2538,2539,3780,30.7,0,9,0,
2124,3159,25.9,2540,2541,3784,31.0,0,0,0,
2552,3792,31.1,2121,2123,3161,25.9,0,0,0,
2552,3791,31.1,2121,2122,3155,25.8,8,0,0,
2550,3791,31.1,2117,2119,3157,25.9,0,0,0,
2551,3791,31.1,2119,2121,3155,25.8,0,0,0,
2552,3791,31.1,2120,2120,3158,25.9,7,0,0,
2551,3791,31.1,2121,2122,3159,25.9,0,0,0,
2550,3791,31.1,2117,2119,3155,25.8,0,0,0,
2550,3791,31.1,2119,2119,3156,25.9,0,0,0,
2552,3792,31.1,2121,2121,3159,25.9,0,0,0,
2550,3791,31.1,2118,2120,3153,25.8,16,0,0,
2551,3792,31.1,2118,2118,3155,25.8,17,0,0,
2551,3792,31.1,2119,2119,3157,25.9,22,0,0,
2550,3791,31.1,2118,2119,3153,25.8,0,0,0,
2550,3791,31.1,2118,2119,3156,25.9,5,0,0,
2551,3792,31.1,2118,2120,3157,25.9,0,0,0,
2551,3791,31.1,2118,2120,3155,25.8,0,0,0,
2550,3791,31.1,2119,2121,3158,25.9,0,0,0,
2551,3792,31.1,2119,2120,3158,25.9,5,0,0,
2550,3790,31.0,2119,2120,3155,25.8,0,0,0,
2551,3790,31.0,2120,2122,3158,25.9,7,0,0,
2550,3790,31.0,2119,2120,3153,25.8,0,0,0,
2550,3790,31.0,2119,2120,3159,25.9,0,0,0,
2550,3791,31.1,2118,2120,3156,25.9,0,0,0,
2551,3790,31.0,2119,2120,3155,25.8,0,0,0,
2551,3792,31.1,2120,2120,3155,25.8,0,0,0,
2551,3792,31.1,2119,2121,3156,25.9,0,0,0,
2550,3791,31.1,2118,2119,3153,25.8,0,0,0,
2550,3791,31.1,2119,2121,3157,25.9,0,0,0,
2552,3792,31.1,2119,2121,3156,25.9,2,0,0,
2551,3792,31.1,2119,2120,3157,25.9,9,0,0,
2550,3791,31.1,2118,2121,3157,25.9,13,0,0,
2551,3792,31.1,2119,2118,3156,25.9,13,0,0,
2550,3791,31.1,2117,2119,3157,25.9,21,0,0,
2550,3791,31.1,2117,2120,3155,25.8,15,0,0,
2551,3791,31.1,2119,2118,3156,25.9,17,0,0,
2550,3791,31.1,2119,2120,3157,25.9,0,0,0,
2550,3791,31.1,2118,2119,3153,25.8,21,0,0,
2550,3791,31.1,2119,2119,3156,25.9,0,0,0,
2550,3791,31.1,2119,2118,3155,25.8,14,0,0,
2551,3791,31.1,2119,2121,3155,25.8,24,0,0,
2550,3791,31.1,2120,2121,3158,25.9,0,0,0,
2550,3791,31.1,2117,2118,3157,25.9,15,0,0,
2551,3792,31.1,2119,2120,3153,25.8,0,0,0,
2550,3791,31.1,2119,2121,3158,25.9,0,0,0,
2550,3791,31.1,2118,2120,3157,25.9,0,0,0,
2551,3792,31.1,2120,2120,3155,25.8,7,0,0,
2551,3792,31.1,2118,2121,3159,25.9,0,0,0,
2550,3791,31.1,2117,2118,3155,25.8,10,0,0,
2550,3791,31.1,2120,2120,3157,25.9,0,0,0,
2552,3792,31.1,2121,2123,3155,25.8,0,0,0,
2551,3792,31.1,2117,2118,3155,25.8,0,0,0,
2551,3791,31.1,2120,2120,3155,25.8,0,0,0,
2550,3791,31.1,2118,2120,3156,25.9,0,0,0,
2552,3792,31.1,2118,2119,3155,25.8,0,0,0,
2550,3791,31.1,2121,2121,3157,25.9,0,0,0,
2550,3791,31.1,2119,2120,3155,25.8,2,0,0,
2550,3791,31.1,2117,2119,3157,25.9,7,0,0,
2550,3791,31.1,2119,2121,3157,25.9,0,0,0,
2550,3791,31.1,2119,2120,3157,25.9,6,0,0,
2550,3791,31.1,2118,2120,3157,25.9,0,0,0,
2550,3791,31.1,2118,2119,3157,25.9,0,0,0,
2550,3791,31.1,2120,2121,3158,25.9,0,0,0,
2550,3791,31.1,2119,2120,3153,25.8,12,0,0,
2550,3791,31.1,2118,2119,3153,25.8,5,0,0,
2552,3792,30.8,2119,2120,3158,25.6,0,0,0,
2550,3791,31.1,2119,2120,3157,25.9,0,0,0,
2552,3794,31.1,2117,2119,3155,25.8,0,0,0,
2551,3792,31.1,2118,2119,3158,25.9,0,0,0,
2550,3790,31.0,2117,2120,3157,25.9,0,0,0,
2550,3790,31.0,2120,2121,3156,25.9,0,0,0,
2551,3792,31.1,2119,2121,3158,25.9,0,0,0,
2550,3791,31.1,2117,2118,3155,25.8,0,0,0,
2550,3791,31.1,2118,2119,3156,25.9,0,0,0,
2550,3791,31.1,2119,2121,3158,25.9,0,0,0,
2551,3791,31.1,2119,2120,3153,25.8,0,0,0,
2,0,0.0,848,848,1255,10.3,0,0,0,
1,0,0.0,843,845,1260,10.3,0,0,0,
1,0,0.0,853,853,1260,10.3,0,0,0,
1,0,0.0,847,847,1256,10.3,0,0,0,
1,0,0.0,845,847,1260,10.3,0,0,0,
1,0,0.0,852,852,1260,10.3,0,0,0,
1,0,0.0,846,846,1255,10.3,0,0,0,
1,0,0.0,845,847,1260,10.3,0,0,0,
1,0,0.0,851,851,1260,10.3,0,0,0,
1,0,0.0,847,847,1255,10.2,0,0,0,
1,0,0.0,846,847,1260,10.3,0,0,0,
1,0,0.0,852,852,1260,10.3,0,0,0,
1,0,0.0,845,845,1254,10.3,0,0,0,
1,0,0.0,846,848,1260,10.3,0,0,0,
3,0,0.0,852,852,1260,10.3,0,0,0,
1,0,0.0,845,845,1255,10.3,0,0,0,
1,0,0.0,847,849,1260,10.3,0,0,0,
1,0,0.0,851,851,1259,10.3,0,0,0,
1,0,0.0,845,845,1256,10.3,0,0,0,
1,0,0.0,848,849,1260,10.3,0,0,0,
2,0,0.0,853,853,1259,10.3,0,0,0,
1,0,0.0,843,843,1257,10.3,0,0,0,
1,0,0.0,848,850,1260,10.3,0,0,0,
1,0,0.0,851,851,1258,10.3,0,0,0,
1,0,0.0,842,842,1257,10.3,0,0,0,
1,0,0.0,849,851,1260,10.3,0,0,0,
1,0,0.0,851,851,1257,10.3,0,0,0,
1,0,0.0,842,843,1258,10.3,0,0,0,
1,0,0.0,850,851,1260,10.3,0,0,0,
2,0,0.0,853,853,1256,10.3,0,0,0,
1,0,0.0,841,842,1258,10.3,0,0,0,
1,0,0.0,854,854,1260,10.3,0,0,0,
1,0,0.0,850,850,1256,10.3,0,0,0,
1,0,0.0,841,843,1259,10.3,0,0,0,
1,0,0.0,851,851,1260,10.3,0,0,0,
1,0,0.0,851,851,1255,10.3,0,0,0,
1,0,0.0,842,844,1260,10.3,0,0,0,
1,0,0.0,851,851,1260,10.3,0,0,0,
1,0,0.0,850,850,1256,10.3,0,0,0,
1,0,0.0,843,844,1260,10.3,0,0,0,
1,0,0.0,852,852,1260,10.3,0,0,0,
1,0,0.0,848,848,1256,10.3,0,0,0,
1,0,0.0,844,845,1260,10.3,0,0,0,
1,0,0.0,851,851,1260,10.3,0,0,0,
2,0,0.0,847,847,1255,10.3,0,0,0,
1,0,0.0,844,846,1260,10.3,0,0,0,
1,0,0.0,851,851,1260,10.3,0,0,0,
1,0,0.0,848,848,1255,10.3,0,0,0,
1,0,0.0,845,847,1260,10.3,0,0,0,
1,0,0.0,852,852,1260,10.3,0,0,0,
2,0,0.0,847,847,1256,10.3,0,0,0,
1,0,0.0,846,847,1260,10.3,0,0,0,
1,0,0.0,851,851,1260,10.3,0,0,0,
1,0,0.0,845,845,1256,10.3,0,0,0,
1,0,0.0,847,848,1260,10.3,0,0,0,
1,0,0.0,851,851,1260,10.3,0,0,0,
1,0,0.0,847,847,1255,10.3,0,0,0,
1,0,0.0,847,849,1260,10.3,0,0,0,
1,0,0.0,852,852,1259,10.3,0,0,0,
2,0,0.0,845,845,1256,10.3,0,0,0,
1,0,0.0,848,849,1260,10.3,0,0,0,
1278,1896,15.5,849,849,1256,10.3,0,0,0,
1275,1895,15.5,842,844,1260,10.3,0,0,0,
1274,1894,15.5,852,852,1260,10.3,0,0,0,
1272,1893,15.5,849,849,1256,10.3,0,0,0,
1273,1894,15.5,844,846,1260,10.3,0,0,0,
1274,1893,15.5,852,852,1260,10.3,0,0,0,
1274,1894,15.5,850,850,1255,10.3,0,0,0,
1273,1893,15.5,844,846,1260,10.3,0,0,0,
1272,1893,15.5,851,851,1260,10.3,0,0,0,
1273,1894,15.5,847,847,1255,10.3,0,0,0,
1273,1893,15.5,845,846,1260,10.3,0,0,0,
1273,1893,15.5,852,852,1260,10.3,0,0,0,
1273,1893,15.5,847,847,1256,10.3,0,0,0,
1273,1895,15.5,846,847,1260,10.3,0,0,0,
1276,1893,15.5,854,854,1260,10.3,0,0,0,
1275,1894,15.5,847,847,1255,10.3,0,0,0,
1274,1894,15.5,846,847,1260,10.3,0,0,0,
1274,1894,15.4,855,855,1260,10.2,0,0,0,
1274,1893,15.5,845,845,1256,10.3,0,0,0,
1277,1895,15.5,850,851,1260,10.3,0,0,0,
1278,1896,15.5,853,853,1260,10.3,0,0,0,
1273,1893,15.5,844,844,1256,10.3,0,0,0,
1273,1893,15.5,848,849,1260,10.3,0,0,0,
1273,1894,15.5,854,854,1259,10.3,0,0,0,
1273,1893,15.5,844,844,1256,10.3,0,0,0,
1273,1894,15.5,848,850,1260,10.3,0,0,0,
1273,1893,15.5,854,854,1258,10.3,0,0,0,
1273,1894,15.5,843,843,1257,10.3,0,0,0,
1271,1893,15.5,848,850,1260,10.3,0,0,0,
1276,1894,15.5,852,852,1257,10.3,0,0,0,
1272,1893,15.5,842,842,1258,10.3,0,0,0,
1274,1895,15.5,850,851,1260,10.3,0,0,0,
1273,1893,15.5,854,854,1257,10.3,0,0,0,
1274,1892,15.5,843,844,1258,10.3,0,0,0,
1277,1896,15.5,851,852,1260,10.3,0,0,0,
1276,1895,15.5,853,853,1256,10.3,0,0,0,
1273,1893,15.5,841,843,1259,10.3,0,0,0,
1273,1894,15.5,852,852,1260,10.3,0,0,0,
1273,1892,15.5,851,851,1255,10.3,0,0,0,
1274,1894,15.5,842,843,1260,10.3,0,0,0,
1274,1893,15.5,851,851,1260,10.3,0,0,0,
1274,1895,15.5,850,850,1255,10.3,0,0,0,
1272,1893,15.5,842,844,1260,10.3,0,0,0,
1273,1893,15.5,851,851,1260,10.3,0,0,0,
1274,1893,15.5,849,849,1255,10.3,0,0,0,
1273,1894,15.5,843,845,1260,10.3,0,0,0,
1273,1894,15.5,851,851,1260,10.3,0,0,0,
1272,1893,15.5,848,848,1255,10.3,0,0,0,
1273,1893,15.5,847,849,1260,10.3,0,0,0,
1274,1893,15.5,852,852,1260,10.3,0,0,0,
1273,1893,15.5,849,849,1255,10.3,0,0,0,
1274,1893,15.5,848,849,1260,10.3,0,0,0,
1272,1893,15.5,851,851,1260,10.3,0,0,0,
1276,1895,15.5,846,846,1255,10.3,0,0,0,
1273,1893,15.5,845,847,1260,10.3,0,0,0,
1273,1894,15.5,851,851,1260,10.3,0,0,0,
1273,1893,15.5,846,846,1256,10.3,0,0,0,
1272,1893,15.5,846,847,1260,10.3,0,0,0,
1275,1894,15.5,851,851,1260,10.3,0,0,0,
1276,1895,15.5,847,847,1256,10.3,0,0,0,
1274,1894,15.5,847,848,1260,10.3,0,0,0,
1273,1893,15.5,852,852,1260,10.3,0,0,0,
1272,1893,15.5,845,845,1255,10.3,0,0,0,
1273,1893,15.5,849,850,1260,10.3,0,0,0,
1275,1894,15.5,854,854,1259,10.3,0,0,0,
1272,1892,15.5,844,844,1256,10.3,0,0,0,
1274,1894,15.5,848,849,1260,10.3,0,0,0,
1274,1892,15.5,852,852,1259,10.3,0,0,0,
1273,1894,15.5,843,843,1256,10.3,0,0,0,
1273,1893,15.5,848,850,1260,10.3,0,0,0,
1275,1894,15.5,853,853,1259,10.3,0,0,0,
1273,1893,15.5,842,842,1257,10.3,0,0,0,
1275,1894,15.5,851,853,1260,10.3,0,0,0,
1277,1896,15.5,851,851,1257,10.3,0,0,0,
1273,1894,15.5,844,845,1258,10.3,0,0,0,
1272,1892,15.5,850,851,1260,10.3,0,0,0,
1273,1894,15.5,852,852,1257,10.3,0,0,0,
2550,3793,30.8,2119,2120,3156,25.6,0,0,0,
2545,3787,31.0,2119,2120,3156,25.9,3,0,0,
2545,3787,31.0,2121,2121,3158,25.9,11,0,0,
2546,3788,31.0,2120,2122,3152,25.8,0,0,0,
2548,3789,31.0,2120,2121,3156,25.9,5,0,0,
2544,3786,31.0,2121,2122,3160,25.9,0,0,0,
2544,3787,31.0,2120,2121,3154,25.8,0,0,0,
2543,3787,31.0,2121,2122,3156,25.9,0,0,0,
2542,3786,31.0,2120,2123,3156,25.9,9,0,0,
2544,3788,31.0,2119,2120,3153,25.8,0,0,0,
2544,3787,31.0,2119,2120,3156,25.9,0,0,0,
2544,3787,31.0,2118,2121,3156,25.9,0,0,0,
2544,3788,31.0,2120,2120,3156,25.9,0,0,0,
2545,3787,31.0,2120,2120,3156,25.9,0,0,0,
2545,3786,31.0,2118,2119,3154,25.8,0,0,0,
2545,3788,31.0,2118,2119,3156,25.9,0,0,0,
2544,3787,31.0,2119,2120,3156,25.9,0,0,0,
2544,3787,31.0,2117,2118,3154,25.8,0,0,0,
2543,3786,31.0,2119,2120,3158,25.9,0,0,0,
2542,3787,31.0,2118,2120,3160,25.9,0,0,0,
2544,3787,31.0,2120,2120,3154,25.8,0,0,0,
2543,3786,31.0,2117,2120,3158,25.9,0,0,0,
2542,3786,31.0,2119,2121,3156,25.9,0,0,0,
2544,3788,31.0,2120,2120,3153,25.8,0,0,0,
2544,3787,31.0,2117,2120,3156,25.9,0,0,0,
2544,3786,31.0,2118,2120,3156,25.9,0,0,0,
2545,3788,31.0,2120,2120,3156,25.9,0,0,0,
2544,3788,31.0,2118,2119,3152,25.8,0,0,0,
2544,3787,31.0,2119,2120,3156,25.9,0,0,0,
2544,3787,31.0,2118,2119,3156,25.9,0,0,0,
2543,3788,31.0,2117,2119,3152,25.8,7,0,0,
2545,3789,31.0,2114,2116,3154,25.8,18,0,0,
2543,3786,31.0,2118,2120,3160,25.9,0,0,0,
2544,3787,31.0,2119,2121,3154,25.8,9,0,0,
2543,3785,31.0,2118,2119,3160,25.9,3,0,0,
2542,3786,31.0,2118,2122,3156,25.9,1,0,0,
2542,3787,31.0,2119,2119,3154,25.8,0,0,0,
2545,3788,31.0,2119,2119,3153,25.8,3,0,0,
2545,3787,31.0,2118,2122,3156,25.9,10,0,0,
2544,3786,31.0,2118,2119,3156,25.9,0,0,0,
2544,3787,31.0,2120,2120,3154,25.8,0,0,0,
2544,3787,31.0,2118,2120,3154,25.8,0,0,0,
2545,3787,31.0,2117,2118,3158,25.9,0,0,0,
2544,3787,31.0,2119,2119,3156,25.9,6,0,0,
2545,3787,31.0,2117,2119,3152,25.8,13,0,0,
2545,3787,31.0,2117,2119,3158,25.9,0,0,0,
2542,3786,31.0,2118,2120,3156,25.9,0,0,0,
2544,3787,31.0,2118,2120,3154,25.8,0,0,0,
2544,3787,31.0,2120,2121,3156,25.9,0,0,0,
2544,3788,31.0,2119,2120,3157,25.9,0,0,0,
2544,3787,31.0,2119,2119,3154,25.8,0,0,0,
2545,3787,31.0,2118,2120,3154,25.8,0,0,0,
2543,3786,31.0,2119,2121,3158,25.9,0,0,0,
2545,3789,31.0,2120,2120,3156,25.9,2,0,0,
2545,3788,31.0,2118,2119,3154,25.8,0,0,0,
2543,3786,31.0,2118,2120,3156,25.9,0,0,0,
2546,3787,31.0,2120,2120,3154,25.8,4,0,0,
2545,3788,31.0,2117,2119,3152,25.8,0,0,0,
2544,3786,31.0,2118,2120,3156,25.9,0,0,0,
2544,3787,31.0,2119,2120,3156,25.9,0,0,0,
2543,3786,31.0,2117,2118,3156,25.9,0,0,0,
2544,3787,31.0,2121,2122,3158,25.9,14,0,0,
2544,3786,31.0,2118,2121,3154,25.8,0,0,0,
2546,3788,31.0,2121,2121,3155,25.8,28,0,0,
2544,3787,31.0,2120,2120,3156,25.9,0,0,0,
2544,3787,31.0,2117,2119,3152,25.8,0,0,0,
2543,3788,31.0,2119,2119,3157,25.9,0,0,0,
2544,3787,31.0,2117,2118,3156,25.9,12,0,0,
2545,3787,31.0,2118,2119,3152,25.8,0,0,0,
2544,3787,31.0,2118,2119,3156,25.9,0,0,0,
2543,3786,31.0,2119,2119,3158,25.9,12,0,0,
2543,3787,31.0,2117,2119,3156,25.9,0,0,0,
2543,3786,31.0,2119,2121,3160,25.9,0,0,0,
2543,3787,31.0,2118,2120,3156,25.9,0,0,0,
2544,3787,31.0,2119,2120,3155,25.8,0,0,0,
2544,3787,31.0,2120,2121,3156,25.9,0,0,0,
2543,3787,31.0,2119,2122,3155,25.8,0,0,0,
2544,3788,30.7,2119,2119,3153,25.6,0,0,0,
2545,3787,31.0,2120,2121,3154,25.8,0,0,0,
2544,3786,31.0,2117,2119,3158,25.9,0,0,0,
2544,3788,31.0,2118,2119,3155,25.8,0,0,0,
2544,3787,31.0,2118,2119,3154,25.8,0,0,0,
2543,3787,31.0,2116,2118,3156,25.9,0,0,0,
2544,3788,31.0,2119,2120,3153,25.8,0,0,0,
2544,3789,31.0,2118,2119,3154,25.8,20,0,0,
2545,3788,31.0,2117,2118,3154,25.8,0,0,0,
2544,3787,31.0,2118,2119,3158,25.9,15,0,0,
2542,3788,31.0,2119,2120,3154,25.8,0,0,0,
2543,3787,31.0,2118,2120,3154,25.8,0,0,0,
2544,3787,31.0,2120,2122,3158,25.9,0,0,0,
2543,3786,31.0,2119,2120,3152,25.8,0,0,0,
2544,3787,31.0,2119,2120,3154,25.8,0,0,0,
2543,3787,31.0,2118,2120,3158,25.9,22,0,0,
2545,3786,31.0,2120,2120,3154,25.8,0,0,0,
2545,3788,31.0,2119,2119,3156,25.9,10,0,0,
2544,3787,31.0,2117,2119,3154,25.8,22,0,0,
2542,3786,31.0,2118,2119,3155,25.8,11,0,0,
2544,3787,31.0,2116,2117,3156,25.9,10,0,0,
2545,3787,31.0,2116,2119,3154,25.8,0,0,0,
2543,3785,31.0,2118,2119,3160,25.9,0,0,0,
2542,3786,31.0,2119,2119,3158,25.9,0,0,0,
2544,3787,31.0,2118,2120,3153,25.8,0,0,0,
2544,3786,31.0,2118,2120,3160,25.9,0,0,0,
2544,3787,31.0,2120,2120,3157,25.9,0,0,0,
2544,3787,31.0,2119,2120,3153,25.8,0,0,0,
2544,3787,31.0,2119,2121,3158,25.9,0,0,0,
2545,3787,31.0,2118,2119,3156,25.9,0,0,0,
2544,3788,31.0,2119,2119,3156,25.9,0,0,0,
2546,3787,31.0,2117,2119,3156,25.9,0,0,0,
2546,3787,31.0,2119,2120,3156,25.9,0,0,0,
2544,3786,31.0,2117,2119,3156,25.9,8,0,0,
2543,3786,31.0,2117,2119,3158,25.9,0,0,0,
2544,3787,31.0,2117,2119,3154,25.8,0,0,0,
2543,3786,31.0,2119,2121,3162,25.9,0,0,0,
2543,3787,31.0,2119,2120,3156,25.9,0,0,0,
2543,3786,31.0,2120,2121,3154,25.8,0,0,0,
2542,3786,31.0,2120,2122,3158,25.9,0,0,0,
2544,3787,31.0,2119,2120,3155,25.8,0,0,0,
2544,3787,31.0,2120,2120,3154,25.8,0,0,0,
2544,3787,31.0,2118,2120,3156,25.9,0,0,0,
2543,3786,31.0,2120,2120,3155,25.8,0,0,0,
2544,3788,31.0,2119,2119,3154,25.8,0,0,0,
2544,3787,31.0,2117,2119,3152,25.8,0,0,0,
2545,3786,31.0,2119,2120,3160,25.9,0,0,0,
2543,3787,31.0,2118,2118,3156,25.9,0,0,0,
2543,3786,31.0,2117,2119,3156,25.9,0,0,0,
2543,3786,31.0,2119,2121,3162,25.9,13,0,0,
2543,3787,31.0,2119,2120,3156,25.9,3,0,0,
2543,3787,31.0,2119,2121,3154,25.8,5,0,0,
2544,3788,31.0,2120,2121,3156,25.9,2,0,0,
2543,3787,31.0,2118,2120,3154,25.8,0,0,0,
2545,3788,31.0,2119,2120,3153,25.8,0,0,0,
2544,3787,31.0,2120,2120,3156,25.9,0,0,0,
2544,3787,31.0,2118,2120,3154,25.8,0,0,0,
2545,3787,31.0,2119,2119,3155,25.8,8,0,0,
2545,3788,31.0,2118,2119,3154,25.8,0,0,0,
2544,3787,31.0,2116,2119,3156,25.9,0,0,0,
2544,3787,31.0,2117,2117,3155,25.8,14,0,0,
2546,3789,31.0,2118,2120,3152,25.8,0,0,0,
2544,3787,31.0,2117,2119,3156,25.9,11,0,0,
2542,3785,31.0,2119,2120,3160,25.9,0,0,0,
2543,3786,31.0,2117,2119,3156,25.9,0,0,0,
2544,3787,31.0,2117,2119,3158,25.9,0,0,0,
2545,3788,31.0,2120,2121,3156,25.9,0,0,0,
2544,3787,31.0,2119,2120,3157,25.9,4,0,0,
2545,3788,31.0,2117,2119,3154,25.8,10,0,0,
2543,3787,31.0,2120,2121,3155,25.8,0,0,0,
2544,3787,31.0,2119,2119,3155,25.8,0,0,0,
2545,3788,31.0,2117,2119,3154,25.8,11,0,0,
2545,3788,31.0,2117,2119,3154,25.8,0,0,0,
2544,3785,31.0,2118,2119,3158,25.9,12,0,0,
2544,3787,31.0,2117,2119,3154,25.8,11,0,0,
2544,3787,31.0,2117,2118,3156,25.9,3,0,0,
2544,3787,31.0,2118,2119,3156,25.9,0,0,0,
2545,3788,31.0,2120,2121,3150,25.8,0,0,0,
2543,3787,31.0,2118,2119,3156,25.9,0,0,0,
2544,3787,31.0,2120,2121,3158,25.9,23,0,0,
2543,3787,31.0,2119,2120,3154,25.8,0,0,0,
2544,3787,31.0,2120,2120,3156,25.9,0,0,0,
2543,3787,30.7,2119,2121,3156,25.6,0,0,0,
2544,3787,31.0,2119,2120,3153,25.8,0,0,0,
2545,3787,31.0,2121,2121,3155,25.8,5,0,0,
2545,3787,31.0,2120,2121,3156,25.9,5,0,0,
2544,3787,31.0,2114,2116,3155,25.8,18,0,0,
2544,3787,31.0,2117,2117,3158,25.9,20,0,0,
2544,3787,31.0,2117,2119,3156,25.9,0,0,0,
2544,3787,31.0,2115,2117,3154,25.8,3,0,0,
2543,3788,31.0,2117,2119,3158,25.9,9,0,0,
2544,3786,31.0,2119,2120,3156,25.9,18,0,0,
2543,3786,31.0,2118,2119,3158,25.9,0,0,0,
2542,3787,31.0,2120,2122,3158,25.9,3,0,0,
2544,3787,31.0,2119,2120,3155,25.8,16,0,0,
2544,3787,31.0,2120,2120,3156,25.9,4,0,0,
2545,3788,31.0,2118,2121,3156,25.9,0,0,0,
2544,3786,31.0,2119,2119,3155,25.8,27,0,0,
2545,3788,31.0,2120,2120,3154,25.8,0,0,0,
2544,3787,31.0,2118,2119,3154,25.8,0,0,0,
2545,3788,31.0,2117,2118,3156,25.9,0,0,0,
2544,3787,31.0,2121,2120,3156,25.9,3,0,0,
2544,3787,31.0,2118,2119,3154,25.8,0,0,0,
2543,3786,31.0,2117,2119,3158,25.9,0,0,0,
2543,3787,31.0,2119,2120,3155,25.8,13,0,0,
2543,3786,31.0,2117,2118,3156,25.9,0,0,0,
2543,3786,31.0,2118,2119,3158,25.9,0,0,0,
2543,3787,31.0,2119,2121,3156,25.9,1,0,0,
2543,3787,31.0,2119,2119,3154,25.8,18,0,0,
2543,3787,31.0,2119,2122,3156,25.9,0,0,0,
2543,3788,31.0,2119,2121,3156,25.9,7,0,0,
2545,3787,31.0,2120,2120,3156,25.9,1,0,0,
2544,3788,31.0,2117,2120,3154,25.8,0,0,0,
2543,3786,31.0,2118,2120,3156,25.9,2,0,0,
2544,3788,31.0,2120,2120,3155,25.8,0,0,0,
2544,3788,31.0,2117,2119,3152,25.8,6,0,0,
2545,3788,31.0,2117,2119,3154,25.8,0,0,0,
2544,3787,31.0,2119,2119,3158,25.9,0,0,0,
2544,3787,31.0,2117,2119,3152,25.8,20,0,0,
2544,3788,31.0,2117,2119,3156,25.9,17,0,0,
2543,3787,31.0,2121,2120,3160,25.9,13,0,0,
2544,3787,31.0,2120,2121,3156,25.9,6,0,0,
2543,3785,31.0,2118,2119,3156,25.9,10,0,0,
2545,3787,31.0,2119,2122,3158,25.9,10,0,0,
2545,3787,31.0,2120,2121,3156,25.9,4,0,0,
2545,3787,31.0,2117,2118,3153,25.8,13,0,0,
2544,3786,31.0,2119,2121,3158,25.9,20,0,0,
2544,3787,31.0,2119,2120,3154,25.8,3,0,0,
2545,3788,31.0,2119,2119,3154,25.8,0,0,0,
2544,3787,31.0,2117,2118,3154,25.8,0,0,0,
2545,3787,31.0,2118,2119,3156,25.9,0,0,0,
2544,3787,31.0,2118,2119,3154,25.8,0,0,0,
2543,3786,31.0,2117,2118,3156,25.9,0,0,0,
2544,3788,31.0,2117,2119,3156,25.9,0,0,0,
2542,3785,31.0,2117,2119,3156,25.9,12,0,0,
2543,3787,31.0,2120,2120,3154,25.8,0,0,0,
2544,3786,31.0,2119,2122,3156,25.9,0,0,0,
2543,3787,31.0,2118,2120,3156,25.9,15,0,0,
2545,3788,31.0,2120,2120,3156,25.9,0,0,0,
2544,3787,31.0,2118,2120,3154,25.8,0,0,0,
2544,3787,31.0,2118,2119,3154,25.8,0,0,0,
2545,3787,31.0,2121,2121,3158,25.9,5,0,0,
2544,3788,31.0,2117,2118,3152,25.8,8,0,0,
2544,3790,31.0,2117,2119,3156,25.9,0,0,0,
2545,3787,31.0,2119,2120,3156,25.9,12,0,0,
2543,3789,31.0,2117,2119,3152,25.8,0,0,0,
2543,3787,31.0,2118,2119,3156,25.9,26,0,0,
2542,3785,31.0,2118,2121,3162,25.9,0,0,0,
2543,3787,31.0,2118,2119,3154,25.8,0,0,0,
2543,3787,31.0,2119,2120,3158,25.9,4,0,0,
2542,3787,31.0,2118,2121,3156,25.9,1,0,0,
2544,3787,31.0,2120,2121,3155,25.8,0,0,0,
2544,3788,31.0,2120,2120,3154,25.8,0,0,0,
2543,3787,31.0,2118,2121,3152,25.8,0,0,0,
2545,3787,31.0,2118,2119,3156,25.9,11,0,0,
2543,3787,31.0,2120,2120,3156,25.9,0,0,0,
2546,3787,31.0,2118,2120,3154,25.8,4,0,0,
2545,3787,31.0,2116,2118,3158,25.9,3,0,0,
2543,3787,31.0,2120,2119,3156,25.9,15,0,0,
2544,3787,31.0,2116,2118,3154,25.8,7,0,0,
2543,3786,31.0,2118,2121,3158,25.9,4,0,0,
2542,3787,31.0,2119,2120,3158,25.9,3,0,0,
2544,3787,30.7,2119,2119,3154,25.6,10,0,0,
2545,3787,31.0,2118,2120,3156,25.9,17,0,0,
2542,3787,31.0,2119,2121,3153,25.8,0,0,0,
2544,3789,31.0,2119,2119,3156,25.9,0,0,0,
2546,3788,31.0,2118,2120,3154,25.8,0,0,0,
2544,3787,31.0,2119,2120,3156,25.9,0,0,0,
2544,3787,31.0,2119,2119,3158,25.9,0,0,0,
2546,3788,31.0,2119,2120,3154,25.8,0,0,0,
2546,3788,31.0,2119,2120,3154,25.8,0,0,0,
2545,3788,31.0,2120,2120,3158,25.9,0,0,0,
2544,3787,31.0,2117,2119,3154,25.8,0,0,0,
0,0,0.0,2976,2976,4430,36.3,0,0,0,
0,0,0.0,2975,2975,4427,36.3,0,0,0,
0,0,0.0,2975,2975,4429,36.3,0,0,0,
0,0,0.0,2975,2975,4427,36.3,0,0,0,
0,0,0.0,2974,2975,4429,36.3,0,0,0,
0,0,0.0,2976,2976,4429,36.3,0,0,0,
0,0,0.0,2975,2975,4427,36.3,0,0,0,
0,0,0.0,2974,2975,4427,36.3,19,0,0,
1,0,0.0,2976,2976,4429,36.3,0,0,0,
0,0,0.0,2976,2976,4427,36.3,0,0,0,
0,0,0.0,2976,2976,4427,36.3,1,0,0,
0,0,0.0,1861,1861,2766,22.7,0,0,0,
1,0,0.0,2351,2351,3497,28.6,0,0,0,
1,0,0.0,2975,2975,4427,36.3,0,0,0,
0,0,0.0,2977,2977,4429,36.3,0,0,0,
0,0,0.0,2976,2976,4429,35.9,0,0,0,
0,0,0.0,2976,2976,4427,36.3,0,0,0,
0,0,0.0,2303,2303,3426,28.1,0,0,0,
1,0,0.0,2350,2350,3499,28.7,0,0,0,
0,0,0.0,2975,2975,4427,36.3,0,0,0,
0,0,0.0,2976,2976,4429,36.3,0,0,0,
0,0,0.0,2975,2975,4429,36.3,0,0,0,
0,0,0.0,2975,2975,4427,36.3,0,0,0,
0,0,0.0,2975,2975,4427,36.3,0,0,0,
0,0,0.0,2975,2975,4429,36.3,0,0,0,
0,0,0.0,2975,2975,4427,36.3,0,0,0,
0,0,0.0,2975,2975,4429,36.3,0,0,0,
0,0,0.0,2975,2975,4429,36.3,0,0,0,
1,0,0.0,2977,2977,4427,36.3,0,0,0,
0,0,0.0,2975,2976,4427,36.3,1,0,0,
0,0,0.0,2976,2975,4429,36.3,0,0,0,
0,0,0.0,2975,2975,4427,36.3,0,0,0,
0,0,0.0,2974,2975,4427,36.3,0,0,0,
0,0,0.0,2975,2975,4427,36.3,0,0,0,
0,0,0.0,2975,2975,4427,36.3,0,0,0,
1,0,0.0,2976,2976,4427,36.3,0,0,0,
0,0,0.0,2975,2975,4429,36.3,0,0,0,
0,0,0.0,2975,2975,4429,36.3,0,0,0,
0,0,0.0,2975,2975,4427,36.3,0,0,0,
0,0,0.0,2975,2975,4427,36.3,0,0,0,
1,0,0.0,2976,2976,4429,36.3,0,0,0,
0,0,0.0,2975,2975,4427,36.3,0,0,0,
0,0,0.0,2976,2975,4429,36.3,0,0,0,
1,0,0.0,2975,2975,4429,36.3,0,0,0,
0,0,0.0,2976,2976,4427,36.3,0,0,0,
0,0,0.0,2975,2975,4427,36.3,0,0,0,
0,0,0.0,2975,2975,4429,36.3,0,0,0,
0,0,0.0,2975,2975,4427,36.3,1,0,0,
0,0,0.0,2974,2975,4429,36.3,0,0,0,
0,0,0.0,2975,2975,4429,36.3,0,0,0,
0,0,0.0,2976,2977,4427,36.3,1,0,0,
0,0,0.0,2974,2975,4427,36.3,0,0,0,
0,0,0.0,2974,2974,4429,36.3,0,0,0,
0,0,0.0,2975,2975,4427,36.3,1,0,0,
0,0,0.0,2974,2975,4427,36.3,0,0,0,
0,0,0.0,2975,2975,4429,36.3,0,0,0,
0,0,0.0,2974,2974,4427,36.3,0,0,0,
0,0,0.0,2975,2975,4427,36.3,0,0,0,
1,0,0.0,2976,2977,4429,36.3,0,0,0,
0,0,0.0,2977,2977,4429,36.3,0,0,0,
1,0,0.0,2976,2976,4427,36.3,0,0,0,
0,0,0.0,2975,2975,4427,36.3,0,0,0,
0,0,0.0,2975,2976,4429,36.3,0,0,0,
0,0,0.0,2975,2975,4427,36.3,0,0,0,
0,0,0.0,2976,2977,4429,36.3,0,0,0,
2,0,0.0,2978,2978,4429,36.3,0,0,0,
0,0,0.0,2974,2974,4427,36.3,0,0,0,
0,0,0.0,2975,2975,4427,36.3,0,0,0,
0,0,0.0,2974,2975,4429,36.3,0,0,0,
0,0,0.0,2975,2975,4427,35.9,0,0,0,
1,0,0.0,2977,2978,4427,36.3,0,0,0,
1,0,0.0,2976,2976,4429,36.3,0,0,0,
0,0,0.0,2974,2975,4427,36.3,0,0,0,
1,0,0.0,2974,2975,4427,36.3,0,0,0,
0,0,0.0,2975,2976,4429,36.3,0,0,0,
0,0,0.0,2975,2975,4427,36.3,0,0,0,
0,0,0.0,2974,2975,4427,36.3,1,0,0,
0,0,0.0,2975,2975,4427,36.3,0,0,0,
0,0,0.0,2974,2975,4427,36.3,0,0,0,
0,0,0.0,2975,2975,4427,36.3,0,0,0,
0,0,0.0,2975,2976,4427,36.3,0,0,0,
0,0,0.0,2975,2975,4427,36.3,1,0,0,
0,0,0.0,2975,2975,4427,36.3,0,0,0,
0,0,0.0,2975,2975,4427,36.3,0,0,0,
0,0,0.0,2974,2975,4429,36.3,0,0,0,
0,0,0.0,2975,2975,4427,36.3,0,0,0,
0,0,0.0,2974,2975,4427,36.3,0,0,0,
0,0,0.0,2975,2975,4429,36.3,0,0,0,
1,0,0.0,2976,2977,4427,36.3,0,0,0,
0,0,0.0,2976,2976,4427,36.3,0,0,0,
0,0,0.0,2974,2975,4429,36.3,0,0,0,
0,0,0.0,2975,2975,4427,36.3,0,0,0,
0,0,0.0,2975,2975,4427,36.3,0,0,0,
0,0,0.0,2975,2975,4429,36.3,0,0,0,
0,0,0.0,2974,2975,4427,36.3,17,0,0,
1,0,0.0,2976,2977,4427,36.3,0,0,0,
0,0,0.0,2975,2975,4429,36.3,0,0,0,
0,0,0.0,2975,2975,4427,36.3,0,0,0,
0,0,0.0,2974,2975,4427,36.3,0,0,0,
0,0,0.0,2975,2975,4427,36.3,0,0,0,
1,0,0.0,2977,2977,4427,36.3,0,0,0,
0,0,0.0,2976,2976,4427,36.3,0,0,0,
0,0,0.0,2976,2976,4427,36.3,0,0,0,
2,0,0.0,2814,2814,4188,34.3,0,0,0,
1,0,0.0,1841,1841,2738,22.4,0,0,0,
1,0,0.0,2978,2978,4430,36.3,0,0,0,
2,0,0.0,2976,2976,4429,36.3,0,0,0,
2,0,0.0,2978,2979,4427,36.3,0,0,0,
2,0,0.0,2978,2978,4429,36.3,0,0,0,
2,0,0.0,2980,2980,4428,36.3,0,0,0,
2,0,0.0,2978,2978,4429,36.3,0,0,0,
1,0,0.0,2978,2978,4428,36.3,0,0,0,
0,0,0.0,2978,2978,4431,36.3,0,0,0,
0,0,0.0,2976,2976,4427,36.3,0,0,0,
0,0,0.0,2975,2975,4429,36.3,0,0,0,
1,0,0.0,2976,2976,4429,36.3,2,0,0,
0,0,0.0,2975,2975,4429,36.3,0,0,0,
0,0,0.0,2976,2976,4427,36.3,0,0,0,
1,0,0.0,2977,2977,4429,36.3,0,0,0,
0,0,0.0,2978,2978,4428,36.3,0,0,0,
1,0,0.0,2974,2975,4429,36.3,29,0,0,
0,0,0.0,2975,2975,4429,36.3,0,0,0,
0,0,0.0,2976,2976,4428,36.3,0,0,0,
0,0,0.0,2974,2975,4427,36.3,0,0,0,
0,0,0.0,2975,2975,4430,36.3,0,0,0,
1,0,0.0,2978,2978,4428,36.3,0,0,0,
1,0,0.0,2976,2977,4429,36.3,0,0,0,
0,0,0.0,2976,2976,4429,36.3,0,0,0,
1,0,0.0,2350,2350,3494,28.6,0,0,0,
0,0,0.0,1701,1701,2530,20.7,0,0,0,
1,0,0.0,1701,1701,2530,20.7,0,0,0,
1,0,0.0,1701,1701,2531,20.7,0,0,0,
1,0,0.0,1704,1704,2530,20.7,0,0,0,
0,0,0.0,1701,1701,2530,20.7,0,0,0,
1,0,0.0,1701,1701,2531,20.7,0,0,0,
1,0,0.0,1999,1999,2973,24.4,0,0,0,
0,0,0.0,2975,2975,4429,36.3,0,0,0,
1,0,0.0,2976,2976,4429,36.3,0,0,0,
0,0,0.0,2975,2975,4427,36.3,0,0,0,
0,0,0.0,2975,2975,4427,36.3,0,0,0,
1,0,0.0,2975,2975,4429,36.3,0,0,0,
0,0,0.0,2976,2976,4427,36.3,0,0,0,
0,0,0.0,2974,2974,4429,36.3,0,0,0,
0,0,0.0,2975,2975,4429,36.3,0,0,0,
0,0,0.0,2975,2975,4427,36.3,0,0,0,
0,0,0.0,2974,2975,4427,36.3,0,0,0,
1,0,0.0,2976,2976,4429,36.3,0,0,0,
0,0,0.0,2976,2976,4427,36.3,0,0,0,
0,0,0.0,2975,2975,4427,36.3,7,0,0,
0,0,0.0,2975,2975,4427,36.3,0,0,0,
0,0,0.0,2975,2975,4427,36.3,0,0,0,
0,0,0.0,2975,2975,4427,36.3,0,0,0,
0,0,0.0,2975,2975,4429,36.3,0,0,0,
0,0,0.0,2975,2975,4429,36.3,0,0,0,
0,0,0.0,2975,2975,4427,36.3,0,0,0,
1,0,0.0,2976,2976,4427,36.3,0,0,0,
0,0,0.0,2976,2976,4429,36.3,0,0,0,
0,0,0.0,2975,2975,4427,36.3,0,0,0,
0,0,0.0,2975,2975,4429,36.3,0,0,0,
0,0,0.0,2976,2976,4429,36.3,0,0,0,
0,0,0.0,2976,2976,4427,36.3,0,0,0,
1,0,0.0,2976,2976,4427,36.3,0,0,0,
1,0,0.0,2977,2977,4429,36.3,0,0,0,
0,0,0.0,2975,2975,4427,36.3,0,0,0,
0,0,0.0,2974,2975,4427,36.3,0,0,0,
0,0,0.0,2975,2975,4429,35.9,0,0,0,
0,0,0.0,2975,2975,4427,36.3,0,0,0,
1,0,0.0,2977,2978,4427,36.3,0,0,0,
1,0,0.0,2975,2975,4429,36.3,0,0,0,
1,0,0.0,2976,2976,4427,36.3,0,0,0,
1,0,0.0,2975,2975,4427,36.3,0,0,0,
0,0,0.0,2976,2976,4427,36.3,0,0,0,
0,0,0.0,2975,2975,4429,36.3,0,0,0,
0,0,0.0,2975,2975,4427,36.3,0,0,0,
0,0,0.0,2976,2976,4429,36.3,0,0,0,
0,0,0.0,2976,2976,4429,36.3,0,0,0,
0,0,0.0,2976,2976,4427,36.3,0,0,0,
0,0,0.0,2976,2976,4427,36.3,0,0,0,
1,0,0.0,2976,2976,4429,36.3,0,0,0,
0,0,0.0,1789,1789,2661,21.8,0,0,0,
0,0,0.0,1701,1701,2530,20.7,0,0,0,
1,0,0.0,1701,1701,2531,20.7,0,0,0,
1,0,0.0,1701,1701,2530,20.7,0,0,0,
0,0,0.0,1701,1701,2530,20.7,0,0,0,
0,0,0.0,1701,1701,2531,20.7,0,0,0,
2,0,0.0,1702,1702,2530,20.7,0,0,0,
1,0,0.0,2559,2560,3808,31.2,0,0,0,
0,0,0.0,2975,2975,4429,36.3,0,0,0,
0,0,0.0,2975,2975,4427,36.3,0,0,0,
0,0,0.0,2974,2975,4427,36.3,0,0,0,
0,0,0.0,2975,2976,4429,36.3,0,0,0,
0,0,0.0,2975,2975,4427,36.3,0,0,0,
1,0,0.0,2977,2977,4427,36.3,0,0,0,
0,0,0.0,2975,2975,4427,36.3,0,0,0,
0,0,0.0,2974,2974,4429,36.3,0,0,0,
0,0,0.0,2975,2975,4427,36.3,0,0,0,
0,0,0.0,2974,2975,4429,36.3,0,0,0,
1,0,0.0,2976,2976,4429,36.3,0,0,0,
0,0,0.0,2975,2975,4427,36.3,0,0,0,
0,0,0.0,2975,2975,4427,36.3,0,0,0,
1,0,0.0,2974,2975,4429,36.3,0,0,0,
0,0,0.0,2976,2976,4427,36.3,0,0,0,
0,0,0.0,2974,2975,4429,36.3,0,0,0,
0,0,0.0,2975,2975,4429,36.3,0,0,0,
0,0,0.0,2974,2975,4427,36.3,0,0,0,
0,0,0.0,2975,2976,4427,36.3,0,0,0,
0,0,0.0,2974,2975,4429,36.3,0,0,0,
0,0,0.0,2976,2976,4427,36.3,0,0,0,
0,0,0.0,2974,2975,4427,36.3,0,0,0,
0,0,0.0,2975,2975,4429,36.3,0,0,0,
0,0,0.0,2974,2975,4427,36.3,0,0,0,
0,0,0.0,2974,2975,4427,36.3,0,0,0,
0,0,0.0,2975,2976,4429,36.3,0,0,0,
1,0,0.0,2976,2976,4427,36.3,0,0,0,
0,0,0.0,2975,2975,4427,36.3,0,0,0,
1,0,0.0,2976,2976,4427,36.3,0,0,0,
0,0,0.0,2975,2976,4429,36.3,0,0,0,
0,0,0.0,2975,2975,4427,36.3,0,0,0,
0,0,0.0,2974,2975,4427,36.3,0,0,0,
0,0,0.0,2975,2975,4429,36.3,0,0,0,
0,0,0.0,2975,2975,4427,36.3,0,0,0,
0,0,0.0,2975,2975,4427,36.3,0,0,0,
0,0,0.0,2976,2977,4429,36.3,0,0,0,
0,0,0.0,2975,2975,4427,36.3,0,0,0,
0,0,0.0,2974,2975,4427,36.3,0,0,0,
0,0,0.0,2975,2975,4429,36.3,0,0,0,
0,0,0.0,2976,2976,4427,35.9,0,0,0,
0,0,0.0,2977,2978,4427,36.3,0,0,0,
1,0,0.0,2975,2976,4429,36.3,0,0,0,
0,0,0.0,2975,2975,4427,36.3,0,0,0,
1,0,0.0,2975,2975,4427,36.3,0,0,0,
1,0,0.0,2976,2976,4427,36.3,0,0,0,
0,0,0.0,2976,2976,4428,36.3,0,0,0,
0,0,0.0,2974,2975,4427,36.3,0,0,0,
0,0,0.0,2975,2975,4427,36.3,0,0,0,
0,0,0.0,2975,2975,4429,36.3,0,0,0,
1,0,0.0,2976,2976,4427,36.3,0,0,0,
0,0,0.0,2976,2976,4427,36.3,0,0,0,
0,0,0.0,2975,2975,4429,36.3,0,0,0,
0,0,0.0,2975,2975,4427,36.3,0,0,0,
0,0,0.0,2975,2975,4427,36.3,0,0,0,
0,0,0.0,2975,2975,4429,36.3,0,0,0,
0,0,0.0,2975,2976,4427,36.3,0,0,0,
0,0,0.0,2975,2975,4429,36.3,0,0,0,
0,0,0.0,2975,2975,4429,36.3,0,0,0,
1,0,0.0,2976,2976,4429,36.3,0,0,0,
0,0,0.0,2976,2976,4427,36.3,0,0,0,
0,0,0.0,2975,2975,4429,36.3,0,0,0,
0,0,0.0,2975,2975,4427,36.3,0,0,0,
1,0,0.0,2980,2980,4431,35.9,0,0,0,
1,0,0.0,2977,2977,4427,36.3,0,0,0,
0,0,0.0,2975,2975,4427,36.3,0,0,0,
2,0,0.0,2976,2976,4427,36.3,0,0,0,
2,0,0.0,2978,2978,4428,36.3,0,0,0,
1,0,0.0,2977,2977,4429,36.3,0,0,0,
1,0,0.0,2983,2983,4428,36.3,0,0,0,
1,0,0.0,2979,2979,4429,36.3,0,0,0,
0,0,0.0,2976,2976,4427,36.3,0,0,0,
0,0,0.0,2975,2975,4429,36.3,0,0,0,
0,0,0.0,2976,2976,4429,36.3,0,0,0,
0,0,0.0,2975,2975,4429,36.3,0,0,0,
0,0,0.0,2975,2975,4427,36.3,0,0,0,
0,0,0.0,2976,2976,4429,36.3,0,0,0,
1,0,0.0,2974,2975,4427,36.3,0,0,0,
0,0,0.0,2977,2976,4429,36.3,0,0,0,
0,0,0.0,2975,2975,4429,36.3,0,0,0,
0,0,0.0,2975,2975,4429,36.3,0,0,0,
0,0,0.0,2976,2976,4427,36.3,0,0,0,
0,0,0.0,2976,2976,4429,36.3,10,0,0,
2,0,0.0,2977,2977,4429,36.3,0,0,0,
0,0,0.0,2418,2419,3596,29.5,0,0,0,
0,0,0.0,1701,1701,2531,20.7,0,0,0,
1,0,0.0,2187,2187,3254,26.7,0,0,0,
0,0,0.0,2974,2974,4427,36.3,0,0,0,
0,0,0.0,2975,2975,4429,36.3,0,0,0,
0,0,0.0,2975,2975,4429,36.3,0,0,0,
0,0,0.0,2975,2975,4429,36.3,7,0,0,
0,0,0.0,2975,2975,4427,36.3,0,0,0,
1,0,0.0,2976,2976,4429,36.3,0,0,0,
0,0,0.0,2976,2976,4427,36.3,0,0,0,
0,0,0.0,2975,2975,4429,36.3,0,0,0,
0,0,0.0,2975,2975,4429,36.3,0,0,0,
0,0,0.0,2975,2975,4429,36.3,0,0,0,
0,0,0.0,2975,2975,4427,36.3,0,0,0,
0,0,0.0,2976,2976,4429,36.3,0,0,0,
1,0,0.0,2976,2977,4427,36.3,0,0,0,
0,0,0.0,2975,2976,4429,36.3,0,0,0,
0,0,0.0,2975,2975,4429,36.3,0,0,0,
0,0,0.0,2975,2975,4429,36.3,1,0,0,
0,0,0.0,2974,2975,4427,36.3,0,0,0,
1,0,0.0,2978,2978,4427,36.3,0,0,0,
1,0,0.0,2976,2976,4427,36.3,0,0,0,
0,0,0.0,2974,2975,4429,36.3,0,0,0,
1,0,0.0,2975,2975,4427,36.3,0,0,0,
0,0,0.0,2976,2976,4429,36.3,0,0,0,
0,0,0.0,2974,2975,4427,36.3,0,0,0,
0,0,0.0,2975,2975,4429,36.3,0,0,0,
0,0,0.0,2975,2975,4429,36.3,0,0,0,
0,0,0.0,2975,2975,4429,36.3,0,0,0,
0,0,0.0,2975,2975,4427,36.3,0,0,0,
0,0,0.0,2976,2976,4429,36.3,0,0,0,
0,0,0.0,2975,2975,4427,36.3,0,0,0,
0,0,0.0,2975,2975,4429,36.3,1,0,0,
0,0,0.0,2975,2975,4429,36.3,2,0,0,
0,0,0.0,2976,2976,4429,36.3,0,0,0,
0,0,0.0,2976,2977,4427,36.3,0,0,0,
1,0,0.0,2976,2976,4427,36.3,1,0,0,
0,0,0.0,2975,2975,4427,36.3,0,0,0,
1,0,0.0,2975,2976,4429,35.9,0,0,0,
0,0,0.0,2976,2976,4429,36.3,0,0,0,
0,0,0.0,2975,2975,4429,36.3,0,0,0,
0,0,0.0,2976,2976,4427,36.3,0,0,0,
1,0,0.0,2976,2976,4427,36.3,0,0,0,
0,0,0.0,2976,2976,4427,36.3,0,0,0,
2,0,0.0,2976,2977,4430,36.3,0,0,0,
1,0,0.0,2977,2977,4429,36.3,0,0,0,
1,0,0.0,2978,2978,4428,36.3,0,0,0,
1,0,0.0,2977,2978,4427,36.3,0,0,0,
1,0,0.0,2978,2978,4429,36.3,0,0,0,
1,0,0.0,2976,2976,4427,36.3,0,0,0,
2,0,0.0,2977,2977,4427,36.3,0,0,0,
2,0,0.0,2978,2978,4428,36.3,0,0,0,
1,0,0.0,2979,2979,4429,36.3,0,0,0,
1,0,0.0,2977,2977,4427,36.3,0,0,0,
1,0,0.0,2979,2979,4429,36.3,0,0,0,
0,0,0.0,2980,2980,4429,36.3,0,0,0,
1,0,0.0,2977,2977,4427,36.3,0,0,0,
0,0,0.0,2976,2976,4427,36.3,0,0,0,
0,0,0.0,2976,2976,4429,36.3,1,0,0,
0,0,0.0,2975,2975,4427,36.3,1,0,0,
0,0,0.0,2975,2975,4429,36.3,0,0,0,
2,0,0.0,2977,2977,4429,36.3,0,0,0,
1,0,0.0,2976,2976,4427,36.3,0,0,0,
1,0,0.0,2976,2976,4427,36.3,0,0,0,
1,0,0.0,2978,2978,4429,36.3,0,0,0,
2,0,0.0,2979,2979,4428,36.3,0,0,0,
0,0,0.0,2976,2977,4429,36.3,0,0,0,
0,0,0.0,2975,2975,4429,36.3,0,0,0,
0,0,0.0,2976,2976,4427,36.3,0,0,0,
0,0,0.0,2975,2975,4427,36.3,0,0,0,
0,0,0.0,2975,2975,4429,36.3,0,0,0,
0,0,0.0,2975,2975,4427,36.3,0,0,0,
1,0,0.0,2978,2978,4428,36.3,1,0,0,
0,0,0.0,2975,2975,4427,36.3,0,0,0,
0,0,0.0,2974,2974,4427,36.3,1,0,0,
0,0,0.0,2975,2975,4427,35.9,0,0,0,
0,0,0.0,2974,2975,4427,36.3,0,0,0,
1,0,0.0,2975,2975,4429,36.3,0,0,0,
1,0,0.0,2976,2976,4427,36.3,0,0,0,
0,0,0.0,2975,2975,4427,36.3,0,0,0,
1,0,0.0,2976,2977,4429,36.3,0,0,0,
0,0,0.0,2976,2976,4427,36.3,0,0,0,
0,0,0.0,2974,2975,4427,36.3,0,0,0,
0,0,0.0,2975,2975,4429,36.3,0,0,0,
0,0,0.0,2974,2975,4427,36.3,0,0,0,
0,0,0.0,2975,2975,4427,36.3,0,0,0,
0,0,0.0,2974,2975,4429,36.3,0,0,0,
0,0,0.0,2976,2976,4427,36.3,0,0,0,
0,0,0.0,2974,2975,4427,36.3,0,0,0,
