2123 3158 25.9 2569 2542 3784 31.0 0 15 0 
2122 3159 25.9 2538 2540 3784 31.0 0 0 0 
2122 3159 25.9 2537 2540 3783 31.0 0 13 1 
2122 3159 25.9 2561 2540 3781 31.0 0 14 2 
2122 3159 25.9 2539 2540 3782 31.0 0 7 0 
2123 3163 25.9 2539 2540 3779 31.0 0 24 3 
2124 3162 25.9 2540 2541 3784 31.0 0 0 0 
2124 3159 25.9 2536 2536 3778 30.9 0 17 2 
2123 3161 25.9 2537 2539 3783 31.0 0 0 0 
2123 3157 25.9 2538 2539 3784 31.0 0 5 0 
2121 3156 25.9 2538 2540 3785 31.0 0 0 0 
2122 3159 25.9 2538 2540 3784 31.0 0 0 0 
2123 3160 25.9 2538 2541 3785 31.0 0 0 0 
2121 3156 25.9 2539 2540 3783 31.0 0 11 0 
2124 3163 25.9 2540 2540 3782 31.0 0 14 0 
2121 3156 25.9 2539 2540 3784 31.0 0 18 2 
2123 3160 25.9 2540 2542 3784 31.0 0 0 0 
2123 3161 25.9 2541 2542 3783 31.0 0 0 0 
2122 3158 25.9 2570 2539 3780 31.0 0 10 0 
2124 3159 25.9 2538 2539 3784 31.0 0 0 0 
